Bangalore:12.9767936,77.590082
Lucknow:26.8381,80.9346001
Delhi:28.6517178,77.2219388
Kanpur:26.4609135,80.3217588
Lucknow:26.8381,80.9346001
Kanpur:26.4609135,80.3217588
Bangalore:12.9767936,77.590082
